[location]
latitude: -0.536182599505178
longitude: 0.37369244614450586
elevation: 1000
horizon: 0.2617993877991494

[type]
mount: azel

[parameters]
north_wrap: 4.799655442984406
south_wrap: -3.2288591161895095
az_drive_rate: 0.03490658503988659
alt_drive_rate: 0.017453292519943295
max_alt: 1.53588974175501
min_alt: 0.2617993877991494
